# unix_time, cycles_done, cur_path, paths_total, pending_total, pending_favs, map_size, unique_crashes, unique_hangs, max_depth, execs_per_sec
1587665342, 0, 0, 2, 2, 2, 0.17%, 0, 0, 1, 2666.67
1587665347, 0, 0, 9, 9, 2, 0.17%, 23, 0, 2, 4270.46
1587665353, 0, 0, 13, 13, 2, 0.18%, 25, 0, 2, 4581.74
1587665358, 0, 1, 18, 17, 4, 0.18%, 36, 0, 2, 4087.73
1587665363, 0, 1, 23, 22, 4, 0.18%, 37, 0, 2, 4121.91
1587665383, 0, 1, 27, 26, 4, 0.18%, 37, 0, 2, 4074.49
1587665394, 0, 1, 28, 27, 4, 0.19%, 37, 0, 2, 3970.43
1587665419, 0, 4, 34, 32, 9, 0.20%, 37, 0, 3, 4139.02
1587665424, 0, 4, 36, 34, 9, 0.20%, 37, 0, 3, 4192.83
1587665434, 0, 8, 39, 36, 12, 0.21%, 37, 0, 3, 4409.62
1587665439, 0, 8, 41, 38, 12, 0.21%, 37, 0, 3, 4531.59
1587665444, 0, 8, 42, 39, 12, 0.21%, 38, 0, 3, 4582.08
1587665450, 0, 9, 42, 38, 13, 0.21%, 38, 0, 3, 4555.00
1587665465, 0, 17, 42, 37, 12, 0.21%, 38, 0, 3, 3888.63
1587665526, 0, 25, 42, 36, 11, 0.21%, 38, 0, 3, 3742.28
1587665592, 0, 27, 42, 35, 10, 0.21%, 38, 0, 3, 3703.17
1587665658, 0, 28, 45, 37, 9, 0.21%, 38, 0, 4, 4299.01
1587665674, 0, 32, 48, 39, 9, 0.21%, 38, 0, 4, 4483.70
1587665684, 0, 34, 50, 40, 9, 0.21%, 38, 0, 4, 4536.73
1587665689, 0, 34, 53, 43, 9, 0.21%, 38, 0, 4, 4463.29
1587665699, 0, 35, 54, 43, 8, 0.21%, 38, 0, 4, 4513.63
1587665704, 0, 35, 56, 45, 8, 0.21%, 38, 0, 4, 4452.40
1587665715, 0, 36, 56, 44, 8, 0.21%, 38, 0, 4, 4543.62
1587665730, 0, 38, 56, 43, 7, 0.21%, 38, 0, 4, 4569.93
1587665746, 0, 40, 57, 43, 6, 0.21%, 38, 0, 4, 4583.93
1587665751, 0, 40, 58, 44, 6, 0.21%, 38, 0, 4, 4600.76
1587665756, 0, 41, 58, 43, 6, 0.21%, 38, 0, 4, 4583.55
1587665771, 0, 44, 59, 43, 5, 0.21%, 40, 0, 5, 4514.10
1587665781, 0, 44, 60, 44, 5, 0.21%, 40, 0, 5, 4628.42
1587665786, 0, 47, 60, 43, 5, 0.21%, 40, 0, 5, 4652.49
1587665802, 0, 52, 64, 46, 5, 0.21%, 40, 0, 5, 4773.03
1587665817, 0, 53, 65, 46, 5, 0.21%, 40, 0, 5, 4667.28
1587665832, 0, 57, 65, 45, 4, 0.21%, 40, 0, 5, 4538.07
1587665848, 0, 58, 66, 45, 3, 0.21%, 40, 0, 6, 4513.53
1587665858, 0, 60, 66, 44, 2, 0.21%, 40, 0, 6, 4565.47
1587665868, 0, 60, 67, 45, 2, 0.22%, 41, 0, 6, 4497.63
1587665873, 0, 61, 69, 46, 3, 0.22%, 41, 0, 6, 4590.21
1587665888, 0, 66, 69, 45, 2, 0.22%, 41, 0, 6, 4515.51
1587665904, 0, 68, 69, 44, 1, 0.22%, 41, 0, 6, 4462.43
1587665919, 1, 3, 69, 43, 0, 0.22%, 42, 0, 6, 4452.65
1587665934, 1, 6, 69, 42, 0, 0.22%, 42, 0, 6, 4473.43
1587665950, 1, 21, 69, 41, 0, 0.22%, 42, 0, 6, 4188.30
1587666016, 1, 23, 69, 40, 0, 0.22%, 42, 0, 6, 3697.35
1587666077, 1, 36, 69, 39, 0, 0.22%, 42, 0, 6, 3715.55
1587666082, 1, 37, 69, 39, 0, 0.22%, 42, 0, 6, 4315.75
1587666092, 1, 42, 69, 38, 0, 0.22%, 42, 0, 6, 4571.18
1587666107, 1, 48, 69, 37, 0, 0.22%, 42, 0, 6, 4501.22
1587666123, 1, 50, 69, 36, 0, 0.22%, 42, 0, 6, 4558.86
1587666138, 1, 63, 69, 35, 0, 0.22%, 42, 0, 6, 4480.14
1587666153, 1, 64, 69, 34, 0, 0.22%, 42, 0, 6, 4493.39
1587666169, 1, 65, 69, 33, 0, 0.22%, 42, 0, 6, 4542.02
1587666184, 2, 2, 69, 32, 0, 0.22%, 42, 0, 6, 4247.63
1587666199, 2, 7, 69, 31, 0, 0.22%, 42, 0, 6, 4429.59
1587666214, 2, 11, 69, 30, 0, 0.22%, 42, 0, 6, 4538.35
1587666230, 2, 12, 69, 29, 0, 0.22%, 42, 0, 6, 4414.72
1587666245, 2, 15, 69, 28, 0, 0.22%, 42, 0, 6, 3891.39
1587666311, 2, 20, 69, 27, 0, 0.22%, 42, 0, 6, 3656.38
1587666378, 2, 26, 69, 26, 0, 0.22%, 42, 0, 6, 3693.06
